0.109360, 0.620530
-0.110317, 0.478891
-0.147126, 0.460202
-0.266147, 0.422545
-0.161440, 0.455188
-0.285499, 0.353549
-0.250107, 0.011429
-0.147889, -0.151646
-0.154372, -0.043230
-0.297896, 0.073746
-0.279950, 0.151277
-0.315978, -0.031603
-0.248441, 0.005183
-0.387984, 0.088884
-0.073017, -0.075817
-0.024567, 0.095307
0.021538, 0.006542
-0.072942, 0.223329
-0.131050, -0.020061
-0.278471, 0.011899
-0.075661, 0.062983
-0.108565, -0.012485
-0.036199, -0.238462
-0.211256, -0.173911
-0.239574, -0.317554
-0.175542, -0.223232
-0.253534, -0.201774
-0.358637, -0.089603
-0.140608, 0.226789
-0.034506, 0.024825
0.123458, -0.064029
-0.036406, 0.039970
-0.157106, -0.103947
-0.279058, -0.075530
-0.246052, -0.053805
-0.076894, 0.031536
-0.125518, -0.007279
-0.060607, 0.019428
-0.076821, 0.078718
0.031444, 0.056872
-0.008049, 0.075364
-0.009090, 0.107974
0.140510, -0.026177
-0.050802, 0.210370
-0.230145, 0.336974
-0.036314, 0.173440
0.198070, 0.095752
0.117992, -0.063352
-0.035245, -0.105898
0.128588, -0.182433
0.074094, 0.058502
-0.067346, -0.053723
0.062565, -0.037249
0.157050, -0.216308
-0.044861, -0.062828
0.216636, -0.025752
0.042379, -0.099462
0.027445, -0.093038
-0.024487, -0.148092
0.036810, -0.025124
0.140460, -0.113499
-0.069330, 0.028847
-0.045584, 0.200557
-0.023581, -0.118575
0.087814, -0.226982
0.005456, 0.066548
0.145883, -0.112167
0.136485, -0.008143
-0.087786, 0.203964
0.131313, 0.356141
0.044504, 0.360182
0.045589, 0.314671
0.068885, 0.231071
0.179294, 0.054567
0.126849, 0.089773
-0.041536, -0.005356
0.051663, 0.087120
-0.090904, -0.064616
-0.131532, 0.127308
-0.111103, 0.106832
0.058672, 0.132892
0.132956, 0.003367
0.207281, 0.183915
0.137892, 0.112578
-0.014902, 0.066438
0.271311, 0.388858
0.442876, 0.341352
0.222151, 0.278785
0.180219, 0.263068
0.227186, 0.288801
0.293592, 0.301299
0.427043, 0.280680
-0.050196, 0.357562
0.089494, 0.385953
-0.107623, 0.440119
0.065786, 0.418419
0.033288, 0.475237
0.128119, 0.515764
0.132983, 0.437759
0.220091, 0.331560
0.182576, 0.372698
0.251439, 0.321134
0.249453, 0.355846
0.112187, 0.150190
0.178231, 0.196430
-0.006857, 0.230277
0.214627, 0.296253
0.271463, 0.346025
0.279671, 0.206331
0.351928, 0.152079
0.302299, 0.097213
0.412726, 0.207159
0.257197, 0.140135
0.334988, 0.031621
0.182277, 0.062989
0.138354, -0.089559
0.124046, 0.091312
0.168723, 0.255232
0.258760, 0.213313
0.115000, 0.311522
0.224792, 0.167487
0.440870, 0.157198
0.381187, 0.110030
0.438813, 0.291475
0.215864, 0.169218
0.301535, 0.197919
0.175031, 0.222064
0.250402, 0.266176
0.093273, 0.354521
0.179552, 0.464429
0.060129, 0.201277
0.181225, 0.118046
0.150179, 0.174795
-0.004158, 0.155567
0.003748, -0.057559
-0.042043, 0.152749
-0.078643, 0.228854
-0.121563, 0.035876
0.011190, 0.037097
0.097912, 0.062510
-0.003513, 0.129253
0.082446, 0.193906
-0.017957, 0.218029
0.082823, 0.076284
-0.053469, 0.212946
-0.302862, 0.153699
-0.110572, 0.218869
-0.014889, 0.430790
-0.108152, 0.146036
-0.188010, 0.182278
0.039509, 0.211075
0.124409, 0.187476
0.088002, 0.175720
-0.014654, 0.289369
0.133535, 0.159190
0.161090, 0.104657
0.162653, 0.241068
0.031580, 0.102505
0.070267, 0.083693
-0.021171, 0.065588
0.056934, 0.123858
-0.127525, 0.063086
-0.248288, 0.099295
-0.058544, 0.178083
-0.084051, -0.032943
-0.231272, 0.125789
-0.099153, 0.077507
-0.102181, 0.097546
0.012666, 0.178146
0.109384, 0.064911
-0.050578, 0.089965
0.069115, 0.158917
0.172265, -0.080609
0.037612, 0.023304
0.163269, -0.002260
0.232603, 0.152879
0.103092, 0.160538
0.281661, 0.040155
0.297767, 0.084236
0.306231, 0.233852
0.331306, 0.258409
0.326639, 0.181950
0.461822, 0.133297
0.348323, 0.203996
0.415581, 0.172117
0.497253, 0.051876
0.382231, 0.114530
0.148994, 0.183293
-0.143449, 0.168248
-0.044168, -0.005539
0.076811, 0.084106
-0.076419, 0.221191
-0.039256, 0.205430
0.044401, 0.282253
0.062342, 0.316286
0.039717, 0.329822
0.009333, 0.124334
-0.037291, 0.138985
0.187298, 0.042044
0.126375, 0.099548
0.131181, 0.058363
0.034226, 0.118101
-0.086823, 0.152616
-0.069465, 0.332842
0.002923, 0.376203
0.073401, 0.071669
0.097374, 0.076542
0.166712, 0.242270
0.067125, 0.231818
0.047219, 0.248910
0.017267, 0.140081
0.055451, 0.134804
0.071507, 0.060656
0.085019, 0.166656
0.074261, 0.080587
0.120087, 0.104158
0.130265, 0.329724
0.161547, 0.163360
0.154641, 0.092712
0.071292, 0.353752
0.148232, 0.187096
0.037238, 0.150163
-0.018502, 0.240205
0.067385, 0.275983
0.027243, 0.300683
0.092042, 0.426192
-0.030427, 0.062062
0.162118, 0.231737
0.141131, 0.204407
0.000205, 0.195581
0.181573, 0.191833
0.206659, 0.333507
0.125359, 0.217064
0.033292, 0.265273
0.010073, 0.005643
-0.022048, 0.159026
0.169489, 0.044431
0.193036, 0.173977
0.069545, 0.312055
0.062198, 0.350323
-0.076000, 0.360711
-0.034727, 0.341907
-0.080039, 0.336948
0.074885, 0.275107
0.102679, 0.195826
0.133524, 0.246202
0.172445, 0.219223
0.185271, 0.149102
0.226832, 0.025091
0.075891, 0.076785
0.007196, 0.163632
0.117024, 0.076501
0.228346, 0.224506
0.044434, 0.126678
0.169376, 0.235821
0.119634, 0.212190
-0.102016, 0.251895
0.114994, 0.311184
0.269321, 0.159950
0.100741, 0.299719
0.158445, 0.313691
0.292858, 0.055328
0.235544, 0.219036
0.224678, 0.175312
0.249650, 0.258186
0.094994, 0.120180
0.213805, 0.239623
-0.027814, 0.232222
-0.099904, 0.315156
-0.011212, 0.298670
0.149604, 0.320311
0.116322, 0.381529
0.280729, 0.260780
0.163965, 0.144229
0.290094, 0.193933
0.222951, 0.218418
0.171401, 0.385785
0.216671, 0.389905
0.101967, 0.360123
0.121742, -0.030865
0.262062, -0.033060
0.160509, -0.174141
0.144986, -0.160058
0.016270, -0.165856
-0.079948, -0.318305
-0.351736, -0.181633
-0.364204, -0.377877
-0.193342, -0.190440
-0.354319, -0.295113
-0.150871, -0.241032
-0.121071, -0.287097
-0.219279, -0.310928
-0.224177, -0.242694
-0.217933, -0.394224
-0.246692, -0.294464
-0.156457, -0.008728
-0.306864, -0.175481
-0.382534, -0.226142
-0.508641, -0.090968
-0.394528, -0.022182
-0.437566, -0.026891
-0.433231, -0.316619
-0.301687, -0.206274
-0.290531, -0.227309
-0.256300, -0.160121
-0.319986, -0.071974
-0.513219, -0.012523
-0.437044, -0.357655
-0.336158, -0.038815
-0.334931, -0.247140
-0.302043, -0.188864
-0.359827, -0.121847
-0.421487, -0.023203
-0.394221, -0.230798
-0.442948, -0.062517
-0.444330, -0.072308
-0.445396, -0.116488
-0.367186, -0.117338
-0.323654, -0.036509
-0.341069, -0.147952
-0.409304, -0.119225
-0.425063, -0.128250
-0.088082, -0.061591
-0.310802, -0.152871
-0.261290, -0.133293
-0.243355, 0.007439
-0.020302, -0.029378
-0.205830, 0.017955
-0.127221, 0.049943
-0.193858, -0.018626
-0.166691, 0.182885
-0.166367, -0.124229
-0.111851, -0.017311
-0.129143, 0.100141
-0.080683, -0.189224
-0.038370, -0.235065
-0.310498, -0.112007
-0.119354, -0.005165
-0.197432, -0.151521
-0.124785, -0.228639
-0.133120, -0.245675
-0.158371, -0.081173
-0.455852, -0.268573
-0.346657, -0.200213
-0.380694, -0.401500
-0.390344, -0.027728
-0.275042, -0.126271
-0.342531, -0.090671
-0.248668, -0.122460
-0.251879, -0.121940
-0.052921, -0.306866
-0.168618, -0.139020
-0.219875, -0.120164
-0.143062, -0.177760
-0.259185, -0.239319
-0.208508, -0.423060
-0.352825, -0.404581
-0.340517, -0.336286
-0.125151, -0.471729
-0.259804, -0.295593
-0.388641, -0.383266
-0.298095, -0.345736
-0.296414, -0.171880
-0.436112, -0.253218
-0.212347, -0.292096
-0.064279, -0.305352
-0.026547, -0.092007
-0.126554, -0.406962
-0.134827, -0.556239
-0.218784, -0.394027
-0.437295, -0.391258
-0.144152, -0.393260
-0.001123, -0.389742
-0.046654, -0.259686
-0.086758, -0.402088
-0.005273, -0.405126
0.252152, -0.363211
0.173081, -0.481386
0.040222, -0.345583
0.126303, -0.459003
-0.022783, -0.207634
-0.023059, -0.071539
0.038904, -0.107903
-0.125771, -0.130657
-0.017626, 0.007045
-0.067101, -0.003640
0.004282, -0.080259
-0.149915, -0.230284
-0.059643, -0.387081
0.040142, -0.426742
0.186990, -0.382143
0.059731, -0.377696
0.124093, -0.330670
0.192915, -0.155086
0.002028, -0.310434
-0.115204, -0.295584
-0.057969, -0.147932
0.090241, -0.081613
0.177160, -0.099760
0.154299, 0.022676
-0.012152, -0.207589
-0.057649, -0.298472
0.000542, -0.338190
0.228059, -0.070043
0.009137, 0.021579
-0.101035, 0.021468
0.055095, -0.107425
0.033024, 0.060680
0.154858, -0.096538
0.073706, -0.270568
0.099188, 0.020622
0.023977, -0.057567
0.224356, -0.114869
0.207030, -0.095865
0.021986, 0.030132
0.143859, 0.134926
0.228754, 0.281379
0.150409, 0.070402
0.122802, -0.136457
0.183176, -0.229557
0.100620, -0.212683
-0.010063, -0.246141
-0.151064, -0.147917
0.021870, -0.303824
-0.231143, -0.149885
0.035372, -0.112804
-0.186927, -0.218787
-0.273939, -0.348830
-0.129704, -0.235069
-0.364145, -0.244970
-0.295816, -0.192776
-0.194134, -0.499672
-0.343300, -0.335388
-0.254117, -0.363123
-0.183441, -0.414420
-0.431569, -0.297425
-0.283950, -0.405451
0.022116, -0.410734
-0.198504, -0.416990
-0.173753, -0.434498
-0.204464, -0.256330
-0.376182, -0.513856
-0.348585, -0.303468
-0.157077, -0.405183
-0.049591, -0.469582
-0.100509, -0.630084
-0.339684, -0.449391
-0.572627, -0.399520
-0.455624, -0.391689
-0.119239, -0.415848
-0.384210, -0.313668
-0.381200, -0.270370
-0.231186, -0.121399
-0.366112, -0.149385
-0.418253, -0.338259
-0.386520, -0.393910
-0.242728, -0.536233
-0.582473, -0.377584
-0.422348, -0.486559
-0.477033, -0.279450
-0.429826, -0.366390
-0.210936, -0.523405
-0.455091, -0.518913
-0.514668, -0.360906
-0.553740, -0.358903
-0.530451, -0.194589
-0.540108, -0.125370
-0.519815, -0.144528
-0.477409, 0.011941
-0.315201, 0.003771
-0.519083, 0.217012
-0.413374, -0.103998
-0.294865, 0.095682
-0.259930, 0.118014
-0.285998, 0.089563
-0.384415, 0.187228
-0.314692, 0.165366
-0.376109, -0.007592
-0.329586, -0.057842
-0.340142, -0.078299
-0.376936, -0.069023
-0.471302, -0.157363
-0.105953, -0.100101
0.009718, -0.005792
-0.069182, -0.000402
0.049214, -0.196330
-0.136827, -0.199848
-0.013896, -0.126023
0.056843, -0.182465
0.034075, 0.039989
-0.065865, -0.139778
0.122195, -0.175289
-0.032614, -0.195807
0.079659, -0.274126
-0.102894, -0.175724
0.062029, -0.053866
-0.067325, -0.148401
0.035460, -0.115003
0.046836, 0.162727
0.225654, 0.109885
0.277965, 0.144313
0.276165, 0.113482
0.343125, 0.052700
0.264352, 0.080103
0.300213, -0.056049
0.360884, -0.162118
0.530146, -0.164898
0.317142, 0.034069
0.195914, -0.069557
0.030843, 0.093307
0.095064, -0.053131
0.157968, -0.214762
0.131102, -0.105836
0.160852, -0.019004
0.046930, -0.199560
0.174092, -0.200288
0.265455, -0.022504
0.135814, 0.076088
-0.034700, 0.011782
0.146451, -0.096305
0.328201, 0.009600
0.255991, -0.019026
-0.011812, 0.135759
0.204818, 0.107481
0.119668, -0.046313
0.107370, 0.023194
0.137148, -0.152646
0.071769, -0.186871
0.176130, -0.030057
0.209725, 0.013420
0.275875, 0.068181
0.229585, 0.176782
0.234904, 0.257014
0.188800, 0.161695
0.041532, 0.140467
0.248937, 0.154052
0.144640, 0.083273
0.167047, 0.292654
0.132176, -0.078380
-0.052505, -0.024269
0.066594, 0.021194
-0.024273, 0.096238
0.043341, 0.168295
0.001518, -0.021839
0.162266, 0.107381
-0.059872, 0.135979
-0.074782, 0.109435
-0.100897, -0.055233
-0.051532, -0.157472
-0.112915, 0.058926
-0.212020, 0.244677
-0.083340, 0.251749
0.017655, 0.232741
0.062885, 0.115048
0.085806, -0.072260
0.080770, 0.187747
-0.030321, 0.118312
0.113054, 0.126652
0.088440, -0.074149
0.044674, -0.102370
0.261871, -0.210377
0.215884, -0.019608
0.101222, 0.116117
0.139375, 0.022480
-0.183244, 0.141529
-0.109979, -0.152037
-0.077940, -0.027103
0.043039, 0.119401
-0.208847, 0.011937
-0.196436, 0.148949
-0.089430, 0.305042
-0.160270, 0.088213
-0.142962, 0.095442
-0.070948, 0.059243
-0.078632, 0.074614
-0.218607, -0.063844
-0.097909, 0.123668
0.052869, 0.134340
-0.025135, 0.077395
-0.111773, -0.008701
-0.352545, 0.126757
-0.185607, 0.184387
-0.052482, 0.308761
0.078761, 0.268987
0.014567, 0.130196
-0.098350, 0.106073
-0.050036, 0.070234
-0.015351, 0.017933
-0.093305, 0.194206
-0.133140, 0.085767
-0.150190, 0.016797
-0.161798, 0.146959
0.034727, 0.301548
0.093129, 0.167039
0.066811, -0.043302
-0.244137, -0.172787
-0.217507, -0.044121
-0.195642, -0.235268
-0.266746, -0.156103
-0.322076, -0.018661
-0.411056, -0.052737
-0.343876, -0.226871
-0.499281, -0.291506
-0.584665, -0.314786
-0.471530, -0.466787
-0.417755, -0.372949
-0.453465, -0.435615
-0.438246, -0.470163
-0.211312, -0.364508
-0.525913, -0.311181
-0.370010, -0.284443
-0.450423, -0.360575
-0.279742, -0.276229
-0.356273, -0.247345
-0.407220, -0.239371
-0.327321, -0.174743
-0.364039, -0.271831
-0.464985, -0.203465
-0.496777, -0.184992
-0.394825, -0.342951
-0.195977, -0.312601
-0.097580, -0.276310
-0.242820, -0.420428
-0.332915, -0.134967
-0.249823, -0.410010
-0.203705, -0.490191
-0.256184, -0.439569
-0.223467, -0.415000
-0.256082, -0.262535
-0.168029, -0.361670
-0.236320, -0.246704
-0.195904, -0.124702
-0.220945, -0.334186
-0.490394, -0.251862
-0.296935, -0.425019
-0.325104, -0.147214
-0.167265, -0.081826
-0.208723, -0.288411
-0.277928, -0.383274
-0.342231, -0.381206
-0.402160, -0.469532
-0.144026, -0.360639
-0.241710, -0.379528
-0.264268, -0.322917
-0.264971, -0.519908
-0.313834, -0.225127
-0.093148, -0.359029
0.051025, -0.437016
0.034035, -0.458628
0.149215, -0.290050
-0.039954, -0.309026
0.014660, -0.214691
-0.007905, -0.179752
-0.200441, -0.262713
-0.172683, -0.211133
0.050444, -0.086024
0.156646, -0.092076
0.383045, -0.253891
0.084970, -0.261168
0.098381, -0.276415
-0.064294, -0.427210
0.001641, -0.305557
-0.295993, -0.282799
-0.091140, -0.098512
-0.142224, -0.158050
0.065666, 0.038069
-0.062700, 0.055143
0.060157, 0.034869
-0.372063, 0.139314
-0.357663, -0.003202
-0.483150, 0.000889
-0.204339, -0.183521
-0.372243, -0.227642
-0.569387, -0.271049
-0.380156, -0.389973
-0.404589, -0.349344
-0.469590, -0.486668
-0.391199, -0.619817
-0.506271, -0.440206
-0.429590, -0.410735
-0.279828, -0.542638
-0.241234, -0.496406
-0.359731, -0.475679
-0.226785, -0.457479
-0.165459, -0.483198
-0.218708, -0.560876
-0.315479, -0.344487
-0.472109, -0.284181
-0.326670, -0.379916
-0.214332, -0.494242
-0.256658, -0.486777
-0.319319, -0.366742
-0.315055, -0.553419
-0.270162, -0.259107
-0.200798, -0.333577
-0.245111, -0.311653
-0.193634, -0.464041
-0.107686, -0.426239
-0.284039, -0.455561
-0.316193, -0.484798
-0.225436, -0.529288
-0.147524, -0.340786
-0.067639, -0.240858
-0.235226, -0.293388
-0.282737, -0.367958
-0.270792, -0.399381
-0.347851, -0.307268
-0.160398, -0.268101
-0.228136, -0.246546
-0.350131, -0.194730
-0.322484, -0.333175
-0.233730, -0.234472
-0.278157, -0.356213
-0.155570, -0.404216
0.027716, -0.490803
0.057312, -0.505451
0.038624, -0.468929
0.006656, -0.372347
-0.036510, -0.337148
-0.129247, -0.282811
-0.170940, -0.203144
-0.130702, -0.369733
-0.268908, -0.398228
-0.331948, -0.196714
-0.337664, -0.297626
-0.349134, -0.151041
-0.155694, -0.189731
-0.193097, -0.134878
-0.149260, -0.314411
-0.218353, -0.255078
-0.194215, -0.169948
-0.238608, -0.225849
-0.052260, -0.135198
-0.302581, -0.166053
-0.174643, -0.119885
-0.265904, 0.006796
-0.321198, -0.048802
-0.148604, 0.061186
-0.154162, -0.128594
-0.205306, -0.308249
-0.202949, -0.444148
-0.189100, -0.281384
-0.157364, -0.507713
-0.191269, -0.426055
-0.019193, -0.380775
-0.015641, -0.561842
-0.356388, -0.329072
-0.239663, -0.361604
-0.234012, -0.206406
-0.143001, -0.176368
0.031104, -0.195132
-0.201639, -0.268398
-0.118092, -0.005322
-0.043573, -0.112196
0.159439, 0.080622
-0.064405, 0.055747
-0.085232, 0.163907
-0.116200, 0.004260
-0.171694, -0.027477
-0.308496, -0.075076
-0.210018, -0.059968
-0.214658, -0.217965
-0.349585, -0.282899
-0.212876, -0.549062
-0.178626, -0.439061
-0.246357, -0.468231
-0.279669, -0.433167
-0.352087, -0.341722
-0.264783, -0.226151
-0.253153, -0.152340
-0.332241, -0.055048
-0.359932, 0.054054
-0.366399, 0.138051
-0.367816, -0.057473
-0.453567, -0.118530
-0.342615, -0.197166
-0.246217, 0.016597
-0.258930, 0.030323
-0.230235, 0.070674
-0.169761, -0.096442
-0.289256, -0.223432
-0.257491, -0.146985
-0.444512, -0.264867
-0.266031, -0.091473
-0.415455, -0.056994
-0.335470, 0.019379
-0.193029, 0.163506
-0.244647, 0.152102
-0.197055, 0.178511
-0.152422, 0.379209
-0.095191, 0.331715
-0.186170, 0.178307
-0.138646, 0.193101
-0.115057, 0.279819
0.075075, 0.115075
-0.070546, 0.027388
-0.069165, 0.251770
0.015048, 0.202937
0.070985, 0.108859
0.027812, 0.444295
0.029023, 0.456095
0.027582, 0.261490
0.058638, 0.306036
-0.079083, 0.277944
-0.221061, 0.263840
-0.239153, 0.313166
-0.144025, 0.380841
-0.001439, 0.365829
-0.169684, 0.324117
0.126247, 0.301058
0.191908, 0.234112
0.077780, 0.213311
-0.165720, 0.322913
-0.161935, 0.111370
-0.054194, 0.127881
-0.109087, 0.136889
-0.008655, 0.006197
-0.028407, -0.012678
-0.233061, -0.162023
-0.087201, 0.017398
-0.080267, -0.231447
-0.153408, -0.331572
-0.042489, -0.123473
-0.025613, -0.156770
0.045678, -0.188236
-0.205392, -0.135484
-0.021736, -0.109785
0.050791, -0.054629
-0.055566, 0.164370
-0.028866, 0.123593
0.038416, -0.269396
0.043048, -0.152055
-0.024702, -0.036916
0.090749, -0.097133
-0.041748, -0.102545
0.109131, 0.086738
0.049947, 0.215582
0.115409, 0.020596
0.118490, -0.019858
0.277294, 0.086215
0.162749, 0.243822
0.134616, 0.298928
0.316000, 0.224237
0.157996, 0.277626
0.319012, 0.010155
0.259944, -0.031581
0.157465, -0.018604
0.098003, 0.102195
0.036780, 0.154574
0.067552, 0.201442
0.214896, 0.205596
0.198981, 0.162546
0.049521, 0.130324
0.170330, 0.049710
-0.029441, -0.096516
-0.074827, 0.012601
0.199703, 0.036252
0.196743, -0.273908
0.141564, 0.080958
0.253902, -0.134294
0.238698, -0.222412
0.199597, -0.155926
0.214774, -0.112121
0.153850, -0.021498
0.095207, -0.016902
-0.008491, -0.044915
0.176339, -0.012756
0.340251, -0.059639
0.137626, -0.191431
0.195025, -0.007005
0.099227, -0.167187
0.005738, -0.296304
0.120668, -0.064060
0.085720, -0.247025
0.022108, -0.128007
-0.124458, -0.074741
-0.210478, 0.025228
-0.051205, -0.053279
-0.165724, -0.046628
-0.073771, -0.172412
-0.206436, -0.154694
-0.141246, -0.142639
-0.240903, -0.164061
-0.103926, 0.109009
-0.102041, -0.367603
-0.113685, -0.308386
-0.299749, -0.192048
-0.328454, -0.189472
-0.260342, -0.218130
-0.199164, -0.400896
-0.222476, -0.319682
-0.123377, -0.320378
-0.034206, -0.249008
-0.099097, -0.224543
-0.045587, -0.118854
-0.132009, -0.349096
-0.156106, -0.254057
-0.113827, -0.253448
-0.192661, -0.350059
-0.472889, -0.416786
-0.301199, -0.293528
-0.417667, -0.311032
-0.226435, -0.275576
-0.406409, -0.219597
-0.238571, -0.026351
-0.242633, -0.163348
-0.343935, -0.292025
-0.412401, -0.338798
-0.372485, -0.362195
-0.324006, -0.539650
-0.308523, -0.371240
-0.292097, -0.253297
-0.444830, -0.067578
-0.331730, -0.052145
-0.271349, -0.222141
-0.491845, -0.222847
-0.486134, -0.109293
-0.413479, -0.088757
-0.449365, 0.051111
-0.360234, 0.007942
-0.197131, 0.070497
-0.368084, -0.084856
-0.371801, 0.060356
-0.490823, 0.026815
-0.466350, 0.169142
-0.479463, 0.133388
-0.365973, 0.234856
-0.193785, 0.138139
-0.293203, 0.159415
-0.228512, -0.116527
-0.251934, -0.051417
-0.036291, 0.042965
-0.340149, -0.125101
-0.144546, 0.004715
-0.066113, -0.080100
0.091882, -0.119126
0.112477, -0.095399
-0.028659, -0.056568
0.099379, 0.036369
0.093263, 0.002087
0.226688, 0.241247
0.333173, 0.113755
0.155673, 0.198945
0.144932, 0.352714
-0.034272, 0.097177
0.124933, 0.305280
-0.010108, 0.128658
0.018281, 0.042893
-0.075457, 0.070642
-0.214362, 0.060208
-0.048220, -0.047986
0.043533, 0.040539
0.127303, 0.086487
0.058111, 0.137567
0.107239, 0.090927
0.116490, 0.118776
-0.104753, 0.095153
-0.182613, 0.068133
-0.256210, 0.014558
-0.169500, 0.124564
-0.130269, -0.041691
-0.017020, 0.108233
0.045455, 0.158444
0.089697, 0.078502
-0.034038, 0.132618
-0.061254, -0.015902
-0.178559, 0.188180
-0.037527, 0.124597
-0.242633, 0.166117
-0.036853, 0.063101
-0.088436, 0.173355
-0.034614, -0.053093
-0.167233, -0.081361
-0.207711, 0.011889
-0.163554, -0.240582
-0.094723, -0.395844
-0.043564, -0.217442
0.169852, -0.262213
0.088700, -0.297081
0.108609, -0.218148
0.018303, -0.113248
0.032918, 0.068715
0.055049, 0.001057
-0.137830, 0.039143
-0.351718, -0.015690
-0.212460, 0.028182
-0.249234, -0.073631
-0.253538, 0.032087
-0.268410, 0.207948
-0.181712, -0.116543
-0.263455, -0.127016
-0.190468, -0.003366
-0.360906, -0.119910
-0.260261, -0.014693
-0.191384, 0.062750
-0.171112, -0.090717
-0.079919, -0.099009
0.006194, -0.252754
0.061832, -0.185026
0.020583, -0.155608
